query;original;converted;h20
1;1284;1352;0;
2;3029;307;0;
3;958;633;0;
4;898;454;0;
5;1013;244;0;
6;1541;1595;0;
7;1584;301;0;
8;4825;759;0;
9;1417;509;0;
10;8536;977;790;
11;1233;445;361;
12;689;410;381;
13;620;347;337;
14;1077;200;195;
15;1185;7342;7077;
16;742;272;293
17;1225;196;180;
18;1584;183;153;
19;716;231;279;
20;625;176;199;
21;1155;1703;1590;
22;7528;413;433;
23;1180;393;248;
24;118993;8366;8000;
25;152818;29849;26728;
26;3609;4137;4097
27;101244;3302;3703
28;138355;6144;6300;
29;850;1280;1142
30;384;115113;103441
31;5667;1244;2733
32;5882;3336;1877
33;6203;1116;1282